(kicad_pcb (version 20171130) (host pcbnew "(5.1.5)-3")

  (general
    (thickness 1.6)
    (drawings 164)
    (tracks 1608)
    (zones 0)
    (modules 91)
    (nets 99)
  )

  (page A4)
  (layers
    (0 Top signal)
    (31 Bottom signal hide)
    (32 B.Adhes user hide)
    (33 F.Adhes user hide)
    (34 B.Paste user)
    (35 F.Paste user hide)
    (36 B.SilkS user)
    (37 F.SilkS user)
    (38 B.Mask user)
    (39 F.Mask user hide)
    (40 Dwgs.User user hide)
    (41 Cmts.User user hide)
    (42 Eco1.User user hide)
    (43 Eco2.User user hide)
    (44 Edge.Cuts user)
    (45 Margin user hide)
    (46 B.CrtYd user)
    (47 F.CrtYd user hide)
    (48 B.Fab user)
    (49 F.Fab user hide)
  )

  (setup
    (last_trace_width 0.25)
    (user_trace_width 0.4)
    (user_trace_width 0.5)
    (user_trace_width 1)
    (user_trace_width 1.8)
    (user_trace_width 2)
    (trace_clearance 0.2)
    (zone_clearance 0.5)
    (zone_45_only no)
    (trace_min 0.2)
    (via_size 0.8)
    (via_drill 0.4)
    (via_min_size 0.4)
    (via_min_drill 0.3)
    (user_via 1 0.6)
    (user_via 2 0.6)
    (uvia_size 0.3)
    (uvia_drill 0.1)
    (uvias_allowed no)
    (uvia_min_size 0.2)
    (uvia_min_drill 0.1)
    (edge_width 0.05)
    (segment_width 0.2)
    (pcb_text_width 0.3)
    (pcb_text_size 1.5 1.5)
    (mod_edge_width 0.12)
    (mod_text_size 1 1)
    (mod_text_width 0.15)
    (pad_size 1.524 1.524)
    (pad_drill 0.762)
    (pad_to_mask_clearance 0.051)
    (solder_mask_min_width 0.25)
    (aux_axis_origin 0 0)
    (visible_elements 7FFFBEFF)
    (pcbplotparams
      (layerselection 0x010fc_ffffffff)
      (usegerberextensions true)
      (usegerberattributes false)
      (usegerberadvancedattributes false)
      (creategerberjobfile false)
      (excludeedgelayer true)
      (linewidth 0.100000)
      (plotframeref false)
      (viasonmask true)
      (mode 1)
      (useauxorigin false)
      (hpglpennumber 1)
      (hpglpenspeed 20)
      (hpglpendiameter 15.000000)
      (psnegative false)
      (psa4output false)
      (plotreference true)
      (plotvalue true)
      (plotinvisibletext false)
      (padsonsilk false)
      (subtractmaskfromsilk false)
      (outputformat 1)
      (mirror false)
      (drillshape 0)
      (scaleselection 1)
      (outputdirectory "plots/"))
  )

  (net 0 "")
  (net 1 GND)
  (net 2 5V)
  (net 3 +3V3)
  (net 4 /UARTB)
  (net 5 /UARTA)
  (net 6 /SCL)
  (net 7 /SDA)
  (net 8 "Net-(J101-Pad15)")
  (net 9 "Net-(J101-Pad17)")
  (net 10 "Net-(Pi101-Pad36)")
  (net 11 "Net-(Pi101-Pad35)")
  (net 12 "Net-(Pi101-Pad33)")
  (net 13 "Net-(Pi101-Pad32)")
  (net 14 "Net-(Pi101-Pad31)")
  (net 15 "Net-(Pi101-Pad29)")
  (net 16 /EECLK)
  (net 17 /EEDATA)
  (net 18 /RT_CS)
  (net 19 /TFT_CS)
  (net 20 /SCLK)
  (net 21 /TFT_DC)
  (net 22 /MISO)
  (net 23 /MOSI)
  (net 24 /RT_INIT)
  (net 25 /Pi16)
  (net 26 /Pi15)
  (net 27 /Pi13)
  (net 28 /Pi12)
  (net 29 /Pi11)
  (net 30 /Pi7)
  (net 31 /SCL5)
  (net 32 /SDA5)
  (net 33 /Pi5V)
  (net 34 "Net-(Pi101-Pad40)")
  (net 35 "Net-(Pi101-Pad38)")
  (net 36 "Net-(Pi101-Pad37)")
  (net 37 "Net-(B301-PadN)")
  (net 38 "Net-(C302-Pad1)")
  (net 39 "/Micro Controller Devices/SWU")
  (net 40 "/Micro Controller Devices/SW+")
  (net 41 "/Micro Controller Devices/SW-")
  (net 42 "/Micro Controller Devices/SWA")
  (net 43 "/Micro Controller Devices/SWB")
  (net 44 "/Micro Controller Devices/SWC")
  (net 45 "/Micro Controller Devices/SWZ")
  (net 46 "/Micro Controller Devices/SWR")
  (net 47 "/Micro Controller Devices/SWM")
  (net 48 "/Micro Controller Devices/SWE")
  (net 49 "/Micro Controller Devices/SWW")
  (net 50 "/Micro Controller Devices/SWP")
  (net 51 "/Micro Controller Devices/SWF")
  (net 52 "Net-(D301-PadC)")
  (net 53 "Net-(D302-PadC)")
  (net 54 "Net-(D303-PadC)")
  (net 55 "Net-(D304-PadC)")
  (net 56 "Net-(D305-PadC)")
  (net 57 "Net-(D306-PadC)")
  (net 58 "Net-(D307-PadC)")
  (net 59 "Net-(D308-PadC)")
  (net 60 "Net-(D309-PadC)")
  (net 61 "Net-(D310-Pad3)")
  (net 62 "/Micro Controller Devices/R_G")
  (net 63 "Net-(D310-Pad2)")
  (net 64 "/Micro Controller Devices/ORANGE")
  (net 65 "Net-(D311-PadC)")
  (net 66 +BATT)
  (net 67 /VCC_SENSE)
  (net 68 /CH_STAT)
  (net 69 "/I2C Devices/ED")
  (net 70 "/I2C Devices/EC")
  (net 71 "/I2C Devices/EB")
  (net 72 "/I2C Devices/EA")
  (net 73 "/Micro Controller Devices/RST")
  (net 74 "/Micro Controller Devices/LED_PWM")
  (net 75 "/Micro Controller Devices/BUZZ")
  (net 76 "/I2C Devices/OPTINT")
  (net 77 "Net-(R202-Pad1)")
  (net 78 "Net-(R203-Pad1)")
  (net 79 "Net-(R204-Pad1)")
  (net 80 "Net-(R205-Pad1)")
  (net 81 "Net-(R206-Pad1)")
  (net 82 "Net-(R207-Pad1)")
  (net 83 "Net-(SW101-Pad1)")
  (net 84 "Net-(U202-Pad8)")
  (net 85 "Net-(U202-Pad7)")
  (net 86 "/I2C Devices/TINT")
  (net 87 "Net-(U301-Pad8)")
  (net 88 "Net-(U301-Pad7)")
  (net 89 "/I2C Devices/TGUARD")
  (net 90 "Net-(Q103-Pad2)")
  (net 91 /PWR_SW)
  (net 92 "Net-(U101-Pad3)")
  (net 93 "Net-(U101-Pad2)")
  (net 94 "Net-(U101-Pad1)")
  (net 95 "Net-(U101-Pad4)")
  (net 96 "Net-(U101-Pad5)")
  (net 97 "Net-(U101-Pad7)")
  (net 98 "Net-(U101-Pad8)")

  (net_class Default "This is the default net class."
    (clearance 0.2)
    (trace_width 0.25)
    (via_dia 0.8)
    (via_drill 0.4)
    (uvia_dia 0.3)
    (uvia_drill 0.1)
    (add_net +3V3)
    (add_net +BATT)
    (add_net /CH_STAT)
    (add_net /EECLK)
    (add_net /EEDATA)
    (add_net "/I2C Devices/EA")
    (add_net "/I2C Devices/EB")
    (add_net "/I2C Devices/EC")
    (add_net "/I2C Devices/ED")
    (add_net "/I2C Devices/OPTINT")
    (add_net "/I2C Devices/TGUARD")
    (add_net "/I2C Devices/TINT")
    (add_net /MISO)
    (add_net /MOSI)
    (add_net "/Micro Controller Devices/BUZZ")
    (add_net "/Micro Controller Devices/LED_PWM")
    (add_net "/Micro Controller Devices/ORANGE")
    (add_net "/Micro Controller Devices/RST")
    (add_net "/Micro Controller Devices/R_G")
    (add_net "/Micro Controller Devices/SW+")
    (add_net "/Micro Controller Devices/SW-")
    (add_net "/Micro Controller Devices/SWA")
    (add_net "/Micro Controller Devices/SWB")
    (add_net "/Micro Controller Devices/SWC")
    (add_net "/Micro Controller Devices/SWE")
    (add_net "/Micro Controller Devices/SWF")
    (add_net "/Micro Controller Devices/SWM")
    (add_net "/Micro Controller Devices/SWP")
    (add_net "/Micro Controller Devices/SWR")
    (add_net "/Micro Controller Devices/SWU")
    (add_net "/Micro Controller Devices/SWW")
    (add_net "/Micro Controller Devices/SWZ")
    (add_net /PWR_SW)
    (add_net /Pi11)
    (add_net /Pi12)
    (add_net /Pi13)
    (add_net /Pi15)
    (add_net /Pi16)
    (add_net /Pi5V)
    (add_net /Pi7)
    (add_net /RT_CS)
    (add_net /RT_INIT)
    (add_net /SCL)
    (add_net /SCL5)
    (add_net /SCLK)
    (add_net /SDA)
    (add_net /SDA5)
    (add_net /TFT_CS)
    (add_net /TFT_DC)
    (add_net /UARTA)
    (add_net /UARTB)
    (add_net /VCC_SENSE)
    (add_net 5V)
    (add_net GND)
    (add_net "Net-(B301-PadN)")
    (add_net "Net-(C302-Pad1)")
    (add_net "Net-(D301-PadC)")
    (add_net "Net-(D302-PadC)")
    (add_net "Net-(D303-PadC)")
    (add_net "Net-(D304-PadC)")
    (add_net "Net-(D305-PadC)")
    (add_net "Net-(D306-PadC)")
    (add_net "Net-(D307-PadC)")
    (add_net "Net-(D308-PadC)")
    (add_net "Net-(D309-PadC)")
    (add_net "Net-(D310-Pad2)")
    (add_net "Net-(D310-Pad3)")
    (add_net "Net-(D311-PadC)")
    (add_net "Net-(J101-Pad15)")
    (add_net "Net-(J101-Pad17)")
    (add_net "Net-(Pi101-Pad29)")
    (add_net "Net-(Pi101-Pad31)")
    (add_net "Net-(Pi101-Pad32)")
    (add_net "Net-(Pi101-Pad33)")
    (add_net "Net-(Pi101-Pad35)")
    (add_net "Net-(Pi101-Pad36)")
    (add_net "Net-(Pi101-Pad37)")
    (add_net "Net-(Pi101-Pad38)")
    (add_net "Net-(Pi101-Pad40)")
    (add_net "Net-(Q103-Pad2)")
    (add_net "Net-(R202-Pad1)")
    (add_net "Net-(R203-Pad1)")
    (add_net "Net-(R204-Pad1)")
    (add_net "Net-(R205-Pad1)")
    (add_net "Net-(R206-Pad1)")
    (add_net "Net-(R207-Pad1)")
    (add_net "Net-(SW101-Pad1)")
    (add_net "Net-(U101-Pad1)")
    (add_net "Net-(U101-Pad2)")
    (add_net "Net-(U101-Pad3)")
    (add_net "Net-(U101-Pad4)")
    (add_net "Net-(U101-Pad5)")
    (add_net "Net-(U101-Pad7)")
    (add_net "Net-(U101-Pad8)")
    (add_net "Net-(U202-Pad7)")
    (add_net "Net-(U202-Pad8)")
    (add_net "Net-(U301-Pad7)")
    (add_net "Net-(U301-Pad8)")
  )

  (module UltraLibrarian:AT42QT1070-SSUR (layer Bottom) (tedit 0) (tstamp 5E904AC7)
    (at 176.6 69.45)
    (path /5E916134/5E973598)
    (attr smd)
    (fp_text reference U202 (at -0.05 -5.25) (layer B.SilkS)
      (effects (font (size 1 1) (thickness 0.15)) (justify mirror))
    )
    (fp_text value AT42QT1070-SSUR (at 0 0) (layer B.Fab)
      (effects (font (size 1 1) (thickness 0.15)) (justify mirror))
    )
    (fp_circle (center -1.696 3.81) (end -1.6198 3.81) (layer B.Fab) (width 0.1524))
    (fp_circle (center -4.339 3.81) (end -4.2628 3.81) (layer B.SilkS) (width 0.1524))
    (fp_arc (start 0 4.325) (end 0.3048 4.325) (angle -180) (layer B.Fab) (width 0.1524))
    (fp_line (start -2.204 -4.364) (end -3.703999 -4.364) (layer B.CrtYd) (width 0.1524))
    (fp_line (start -2.204 -4.579) (end -2.204 -4.364) (layer B.CrtYd) (width 0.1524))
    (fp_line (start 2.204 -4.579) (end -2.204 -4.579) (layer B.CrtYd) (width 0.1524))
    (fp_line (start 2.204 -4.364) (end 2.204 -4.579) (layer B.CrtYd) (width 0.1524))
    (fp_line (start 3.703999 -4.364) (end 2.204 -4.364) (layer B.CrtYd) (width 0.1524))
    (fp_line (start 3.703999 4.364) (end 3.703999 -4.364) (layer B.CrtYd) (width 0.1524))
    (fp_line (start 2.204 4.364) (end 3.703999 4.364) (layer B.CrtYd) (width 0.1524))
    (fp_line (start 2.204 4.579) (end 2.204 4.364) (layer B.CrtYd) (width 0.1524))
    (fp_line (start -2.204 4.579) (end 2.204 4.579) (layer B.CrtYd) (width 0.1524))
    (fp_line (start -2.204 4.364) (end -2.204 4.579) (layer B.CrtYd) (width 0.1524))
    (fp_line (start -3.703999 4.364) (end -2.204 4.364) (layer B.CrtYd) (width 0.1524))
    (fp_line (start -3.703999 -4.364) (end -3.703999 4.364) (layer B.CrtYd) (width 0.1524))
    (fp_line (start -1.95 4.325) (end -1.95 -4.325) (layer B.Fab) (width 0.1524))
    (fp_line (start 1.95 4.325) (end -1.95 4.325) (layer B.Fab) (width 0.1524))
    (fp_line (start 1.95 -4.325) (end 1.95 4.325) (layer B.Fab) (width 0.1524))
    (fp_line (start -1.95 -4.325) (end 1.95 -4.325) (layer B.Fab) (width 0.1524))
    (fp_line (start 2.077 4.452) (end -2.077 4.452) (layer B.SilkS) (width 0.1524))
    (fp_line (start -2.077 -4.452) (end 2.077 -4.452) (layer B.SilkS) (width 0.1524))
    (fp_text user 0.024in/0.6mm (at 5.748 3.81) (layer Dwgs.User) hide
      (effects (font (size 1 1) (thickness 0.15)))
    )
    (fp_text user 0.213in/5.4mm (at 0 -6.858) (layer Dwgs.User) hide
      (effects (font (size 1 1) (thickness 0.15)))
    )
    (fp_text user 0.05in/1.27mm (at -5.748 3.175) (layer Dwgs.User) hide
      (effects (font (size 1 1) (thickness 0.15)))
    )
    (fp_text user 0.059in/1.5mm (at -2.7 7.373) (layer Dwgs.User) hide
      (effects (font (size 1 1) (thickness 0.15)))
    )
    (fp_text user * (at -1.75 5.35) (layer B.SilkS)
      (effects (font (size 1 1) (thickness 0.15)) (justify mirror))
    )
    (fp_text user * (at -3.9 3.45) (layer B.SilkS)
      (effects (font (size 1 1) (thickness 0.15)) (justify mirror))
    )
    (fp_text user "Copyright 2016 Accelerated Designs. All rights reserved." (at 0 0) (layer Cmts.User) hide
      (effects (font (size 0.127 0.127) (thickness 0.002)))
    )
    (pad 14 smd rect (at 2.7 3.81) (size 1.5 0.6) (layers Bottom B.Paste B.Mask)
      (net 1 GND))
    (pad 13 smd rect (at 2.7 2.54) (size 1.5 0.6) (layers Bottom B.Paste B.Mask)
      (net 82 "Net-(R207-Pad1)"))
    (pad 12 smd rect (at 2.7 1.27) (size 1.5 0.6) (layers Bottom B.Paste B.Mask)
      (net 81 "Net-(R206-Pad1)"))
    (pad 11 smd rect (at 2.7 0) (size 1.5 0.6) (layers Bottom B.Paste B.Mask)
      (net 80 "Net-(R205-Pad1)"))
    (pad 10 smd rect (at 2.7 -1.27) (size 1.5 0.6) (layers Bottom B.Paste B.Mask)
      (net 79 "Net-(R204-Pad1)"))
    (pad 9 smd rect (at 2.7 -2.54) (size 1.5 0.6) (layers Bottom B.Paste B.Mask)
      (net 78 "Net-(R203-Pad1)"))
    (pad 8 smd rect (at 2.7 -3.81) (size 1.5 0.6) (layers Bottom B.Paste B.Mask)
      (net 84 "Net-(U202-Pad8)"))
    (pad 7 smd rect (at -2.7 -3.81) (size 1.5 0.6) (layers Bottom B.Paste B.Mask)
      (net 85 "Net-(U202-Pad7)"))
    (pad 6 smd rect (at -2.7 -2.54) (size 1.5 0.6) (layers Bottom B.Paste B.Mask)
      (net 6 /SCL))
    (pad 5 smd rect (at -2.7 -1.27) (size 1.5 0.6) (layers Bottom B.Paste B.Mask)
      (net 86 "/I2C Devices/TINT"))
    (pad 4 smd rect (at -2.7 0) (size 1.5 0.6) (layers Bottom B.Paste B.Mask)
      (net 77 "Net-(R202-Pad1)"))
    (pad 3 smd rect (at -2.7 1.27) (size 1.5 0.6) (layers Bottom B.Paste B.Mask)
      (net 7 /SDA))
    (pad 2 smd rect (at -2.7 2.54) (size 1.5 0.6) (layers Bottom B.Paste B.Mask)
      (net 1 GND))
    (pad 1 smd rect (at -2.7 3.81) (size 1.5 0.6) (layers Bottom B.Paste B.Mask)
      (net 3 +3V3))
  )

  (module TestPoint:TestPoint_Pad_D1.0mm (layer Top) (tedit 5A0F774F) (tstamp 5E9049D9)
    (at 173.15 84.75)
    (descr "SMD pad as test Point, diameter 1.0mm")
    (tags "test point SMD pad")
    (path /5E916134/5E9735ED)
    (attr virtual)
    (fp_text reference TP205 (at -3.6 0) (layer F.SilkS)
      (effects (font (size 1 1) (thickness 0.15)))
    )
    (fp_text value TestPoint (at 0 1.55) (layer F.Fab) hide
      (effects (font (size 1 1) (thickness 0.15)))
    )
    (fp_circle (center 0 0) (end 0 0.7) (layer F.SilkS) (width 0.12))
    (fp_circle (center 0 0) (end 1 0) (layer F.CrtYd) (width 0.05))
    (fp_text user %R (at 0 -1.45) (layer F.Fab) hide
      (effects (font (size 1 1) (thickness 0.15)))
    )
    (pad 1 smd circle (at 0 0) (size 1 1) (layers Top F.Mask)
      (net 69 "/I2C Devices/ED"))
  )

  (module TestPoint:TestPoint_Pad_D1.0mm (layer Top) (tedit 5A0F774F) (tstamp 5E9049D1)
    (at 173.05 86.95)
    (descr "SMD pad as test Point, diameter 1.0mm")
    (tags "test point SMD pad")
    (path /5E916134/5E9735DA)
    (attr virtual)
    (fp_text reference TP204 (at -3.35 0.05) (layer F.SilkS)
      (effects (font (size 1 1) (thickness 0.15)))
    )
    (fp_text value TestPoint (at 0 1.55) (layer F.Fab) hide
      (effects (font (size 1 1) (thickness 0.15)))
    )
    (fp_circle (center 0 0) (end 0 0.7) (layer F.SilkS) (width 0.12))
    (fp_circle (center 0 0) (end 1 0) (layer F.CrtYd) (width 0.05))
    (fp_text user %R (at 0 -1.45) (layer F.Fab) hide
      (effects (font (size 1 1) (thickness 0.15)))
    )
    (pad 1 smd circle (at 0 0) (size 1 1) (layers Top F.Mask)
      (net 70 "/I2C Devices/EC"))
  )

  (module TestPoint:TestPoint_Pad_D1.0mm (layer Top) (tedit 5A0F774F) (tstamp 5E9049C9)
    (at 173.05 89.05)
    (descr "SMD pad as test Point, diameter 1.0mm")
    (tags "test point SMD pad")
    (path /5E916134/5E9735D4)
    (attr virtual)
    (fp_text reference TP203 (at -3.55 0) (layer F.SilkS)
      (effects (font (size 1 1) (thickness 0.15)))
    )
    (fp_text value TestPoint (at 0 1.55) (layer F.Fab) hide
      (effects (font (size 1 1) (thickness 0.15)))
    )
    (fp_circle (center 0 0) (end 0 0.7) (layer F.SilkS) (width 0.12))
    (fp_circle (center 0 0) (end 1 0) (layer F.CrtYd) (width 0.05))
    (fp_text user %R (at 0 -1.45) (layer F.Fab) hide
      (effects (font (size 1 1) (thickness 0.15)))
    )
    (pad 1 smd circle (at 0 0) (size 1 1) (layers Top F.Mask)
      (net 71 "/I2C Devices/EB"))
  )

  (module TestPoint:TestPoint_Pad_D1.0mm (layer Top) (tedit 5A0F774F) (tstamp 5E9049C1)
    (at 173.4 91.1)
    (descr "SMD pad as test Point, diameter 1.0mm")
    (tags "test point SMD pad")
    (path /5E916134/5E9735CE)
    (attr virtual)
    (fp_text reference TP202 (at -3.8 0) (layer F.SilkS)
      (effects (font (size 1 1) (thickness 0.15)))
    )
    (fp_text value TestPoint (at 0 1.55) (layer F.Fab) hide
      (effects (font (size 1 1) (thickness 0.15)))
    )
    (fp_circle (center 0 0) (end 0 0.7) (layer F.SilkS) (width 0.12))
    (fp_circle (center 0 0) (end 1 0) (layer F.CrtYd) (width 0.05))
    (fp_text user %R (at 0 -1.45) (layer F.Fab) hide
      (effects (font (size 1 1) (thickness 0.15)))
    )
    (pad 1 smd circle (at 0 0) (size 1 1) (layers Top F.Mask)
      (net 72 "/I2C Devices/EA"))
  )

  (module TestPoint:TestPoint_Pad_D1.0mm (layer Top) (tedit 5A0F774F) (tstamp 5E9049B9)
    (at 183.9 106.6)
    (descr "SMD pad as test Point, diameter 1.0mm")
    (tags "test point SMD pad")
    (path /5E916134/5E9735C8)
    (attr virtual)
    (fp_text reference TP201 (at 1.8 -0.05 270 unlocked) (layer F.SilkS)
      (effects (font (size 1 1) (thickness 0.15)))
    )
    (fp_text value TestPoint (at 0 1.55) (layer F.Fab) hide
      (effects (font (size 1 1) (thickness 0.15)))
    )
    (fp_circle (center 0 0) (end 0 0.7) (layer F.SilkS) (width 0.12))
    (fp_circle (center 0 0) (end 1 0) (layer F.CrtYd) (width 0.05))
    (fp_text user %R (at 0 -1.45) (layer F.Fab)
      (effects (font (size 1 1) (thickness 0.15)))
    )
    (pad 1 smd circle (at 0 0) (size 1 1) (layers Top F.Mask)
      (net 89 "/I2C Devices/TGUARD"))
  )

  (module Resistor_SMD:R_0805_2012Metric_Pad1.15x1.40mm_HandSolder (layer Top) (tedit 5B36C52B) (tstamp 5E8F9BE0)
    (at 183.7 101.45 270)
    (descr "Resistor SMD 0805 (2012 Metric), square (rectangular) end terminal, IPC_7351 nominal with elongated pad for handsoldering. (Body size source: https://docs.google.com/spreadsheets/d/1BsfQQcO9C6DZCsRaXUlFlo91Tg2WpOkGARC1WS5S8t0/edit?usp=sharing), generated with kicad-footprint-generator")
    (tags "resistor handsolder")
    (path /5E916134/5E9735C2)
    (attr smd)
    (fp_text reference R207 (at 0 -1.65 90) (layer F.SilkS)
      (effects (font (size 1 1) (thickness 0.15)))
    )
    (fp_text value 10K (at 0 1.65 90) (layer F.Fab)
      (effects (font (size 1 1) (thickness 0.15)))
    )
    (fp_text user %R (at 0 0 90) (layer F.Fab)
      (effects (font (size 1 1) (thickness 0.15)))
    )
    (fp_line (start 1.85 0.95) (end -1.85 0.95) (layer F.CrtYd) (width 0.05))
    (fp_line (start 1.85 -0.95) (end 1.85 0.95) (layer F.CrtYd) (width 0.05))
    (fp_line (start -1.85 -0.95) (end 1.85 -0.95) (layer F.CrtYd) (width 0.05))
    (fp_line (start -1.85 0.95) (end -1.85 -0.95) (layer F.CrtYd) (width 0.05))
    (fp_line (start -0.261252 0.71) (end 0.261252 0.71) (layer F.SilkS) (width 0.12))
    (fp_line (start -0.261252 -0.71) (end 0.261252 -0.71) (layer F.SilkS) (width 0.12))
    (fp_line (start 1 0.6) (end -1 0.6) (layer F.Fab) (width 0.1))
    (fp_line (start 1 -0.6) (end 1 0.6) (layer F.Fab) (width 0.1))
    (fp_line (start -1 -0.6) (end 1 -0.6) (layer F.Fab) (width 0.1))
    (fp_line (start -1 0.6) (end -1 -0.6) (layer F.Fab) (width 0.1))
    (pad 2 smd roundrect (at 1.025 0 270) (size 1.15 1.4) (layers Top F.Paste F.Mask) (roundrect_rratio 0.217391)
      (net 89 "/I2C Devices/TGUARD"))
    (pad 1 smd roundrect (at -1.025 0 270) (size 1.15 1.4) (layers Top F.Paste F.Mask) (roundrect_rratio 0.217391)
      (net 82 "Net-(R207-Pad1)"))
    (model ${KISYS3DMOD}/Resistor_SMD.3dshapes/R_0805_2012Metric.wrl
      (at (xyz 0 0 0))
      (scale (xyz 1 1 1))
      (rotate (xyz 0 0 0))
    )
  )

  (module Resistor_SMD:R_0805_2012Metric_Pad1.15x1.40mm_HandSolder placed (layer Bottom) (tedit 5B36C52B) (tstamp 5E90FC5A)
    (at 181.75 75.9 180)
    (descr "Resistor SMD 0805 (2012 Metric), square (rectangular) end terminal, IPC_7351 nominal with elongated pad for handsoldering. (Body size source: https://docs.google.com/spreadsheets/d/1BsfQQcO9C6DZCsRaXUlFlo91Tg2WpOkGARC1WS5S8t0/edit?usp=sharing), generated with kicad-footprint-generator")
    (tags "resistor handsolder")
    (path /5E916134/5E9735BC)
    (attr smd)
    (fp_text reference R206 (at -3.15 0 270 unlocked) (layer B.SilkS)
      (effects (font (size 1 1) (thickness 0.15)) (justify mirror))
    )
    (fp_text value 10K (at 0 -1.65) (layer B.Fab)
      (effects (font (size 1 1) (thickness 0.15)) (justify mirror))
    )
    (fp_text user %R (at 0 0) (layer B.Fab)
      (effects (font (size 1 1) (thickness 0.15)) (justify mirror))
    )
    (fp_line (start 1.85 -0.95) (end -1.85 -0.95) (layer B.CrtYd) (width 0.05))
    (fp_line (start 1.85 0.95) (end 1.85 -0.95) (layer B.CrtYd) (width 0.05))
    (fp_line (start -1.85 0.95) (end 1.85 0.95) (layer B.CrtYd) (width 0.05))
    (fp_line (start -1.85 -0.95) (end -1.85 0.95) (layer B.CrtYd) (width 0.05))
    (fp_line (start -0.261252 -0.71) (end 0.261252 -0.71) (layer B.SilkS) (width 0.12))
    (fp_line (start -0.261252 0.71) (end 0.261252 0.71) (layer B.SilkS) (width 0.12))
    (fp_line (start 1 -0.6) (end -1 -0.6) (layer B.Fab) (width 0.1))
    (fp_line (start 1 0.6) (end 1 -0.6) (layer B.Fab) (width 0.1))
    (fp_line (start -1 0.6) (end 1 0.6) (layer B.Fab) (width 0.1))
    (fp_line (start -1 -0.6) (end -1 0.6) (layer B.Fab) (width 0.1))
    (pad 2 smd roundrect (at 1.025 0 180) (size 1.15 1.4) (layers Bottom B.Paste B.Mask) (roundrect_rratio 0.217391)
      (net 72 "/I2C Devices/EA"))
    (pad 1 smd roundrect (at -1.025 0 180) (size 1.15 1.4) (layers Bottom B.Paste B.Mask) (roundrect_rratio 0.217391)
      (net 81 "Net-(R206-Pad1)"))
    (model ${KISYS3DMOD}/Resistor_SMD.3dshapes/R_0805_2012Metric.wrl
      (at (xyz 0 0 0))
      (scale (xyz 1 1 1))
      (rotate (xyz 0 0 0))
    )
  )

  (module Resistor_SMD:R_0805_2012Metric_Pad1.15x1.40mm_HandSolder placed (layer Bottom) (tedit 5B36C52B) (tstamp 5E9047F9)
    (at 178.8 78.75 270)
    (descr "Resistor SMD 0805 (2012 Metric), square (rectangular) end terminal, IPC_7351 nominal with elongated pad for handsoldering. (Body size source: https://docs.google.com/spreadsheets/d/1BsfQQcO9C6DZCsRaXUlFlo91Tg2WpOkGARC1WS5S8t0/edit?usp=sharing), generated with kicad-footprint-generator")
    (tags "resistor handsolder")
    (path /5E916134/5E9735B6)
    (attr smd)
    (fp_text reference R205 (at 0.15 -1.7 270 unlocked) (layer B.SilkS)
      (effects (font (size 1 1) (thickness 0.15)) (justify mirror))
    )
    (fp_text value 10K (at 0 -1.65 90) (layer B.Fab)
      (effects (font (size 1 1) (thickness 0.15)) (justify mirror))
    )
    (fp_text user %R (at 0 0 90) (layer B.Fab)
      (effects (font (size 1 1) (thickness 0.15)) (justify mirror))
    )
    (fp_line (start 1.85 -0.95) (end -1.85 -0.95) (layer B.CrtYd) (width 0.05))
    (fp_line (start 1.85 0.95) (end 1.85 -0.95) (layer B.CrtYd) (width 0.05))
    (fp_line (start -1.85 0.95) (end 1.85 0.95) (layer B.CrtYd) (width 0.05))
    (fp_line (start -1.85 -0.95) (end -1.85 0.95) (layer B.CrtYd) (width 0.05))
    (fp_line (start -0.261252 -0.71) (end 0.261252 -0.71) (layer B.SilkS) (width 0.12))
    (fp_line (start -0.261252 0.71) (end 0.261252 0.71) (layer B.SilkS) (width 0.12))
    (fp_line (start 1 -0.6) (end -1 -0.6) (layer B.Fab) (width 0.1))
    (fp_line (start 1 0.6) (end 1 -0.6) (layer B.Fab) (width 0.1))
    (fp_line (start -1 0.6) (end 1 0.6) (layer B.Fab) (width 0.1))
    (fp_line (start -1 -0.6) (end -1 0.6) (layer B.Fab) (width 0.1))
    (pad 2 smd roundrect (at 1.025 0 270) (size 1.15 1.4) (layers Bottom B.Paste B.Mask) (roundrect_rratio 0.217391)
      (net 71 "/I2C Devices/EB"))
    (pad 1 smd roundrect (at -1.025 0 270) (size 1.15 1.4) (layers Bottom B.Paste B.Mask) (roundrect_rratio 0.217391)
      (net 80 "Net-(R205-Pad1)"))
    (model ${KISYS3DMOD}/Resistor_SMD.3dshapes/R_0805_2012Metric.wrl
      (at (xyz 0 0 0))
      (scale (xyz 1 1 1))
      (rotate (xyz 0 0 0))
    )
  )

  (module Resistor_SMD:R_0805_2012Metric_Pad1.15x1.40mm_HandSolder placed (layer Bottom) (tedit 5B36C52B) (tstamp 5E9047E8)
    (at 176.8 78.75 270)
    (descr "Resistor SMD 0805 (2012 Metric), square (rectangular) end terminal, IPC_7351 nominal with elongated pad for handsoldering. (Body size source: https://docs.google.com/spreadsheets/d/1BsfQQcO9C6DZCsRaXUlFlo91Tg2WpOkGARC1WS5S8t0/edit?usp=sharing), generated with kicad-footprint-generator")
    (tags "resistor handsolder")
    (path /5E916134/5E9735B0)
    (attr smd)
    (fp_text reference R204 (at 3.8 -0.05 90) (layer B.SilkS)
      (effects (font (size 1 1) (thickness 0.15)) (justify mirror))
    )
    (fp_text value 10K (at 0 -1.65 90) (layer B.Fab)
      (effects (font (size 1 1) (thickness 0.15)) (justify mirror))
    )
    (fp_text user %R (at 0 0 90) (layer B.Fab)
      (effects (font (size 1 1) (thickness 0.15)) (justify mirror))
    )
    (fp_line (start 1.85 -0.95) (end -1.85 -0.95) (layer B.CrtYd) (width 0.05))
    (fp_line (start 1.85 0.95) (end 1.85 -0.95) (layer B.CrtYd) (width 0.05))
    (fp_line (start -1.85 0.95) (end 1.85 0.95) (layer B.CrtYd) (width 0.05))
    (fp_line (start -1.85 -0.95) (end -1.85 0.95) (layer B.CrtYd) (width 0.05))
    (fp_line (start -0.261252 -0.71) (end 0.261252 -0.71) (layer B.SilkS) (width 0.12))
    (fp_line (start -0.261252 0.71) (end 0.261252 0.71) (layer B.SilkS) (width 0.12))
    (fp_line (start 1 -0.6) (end -1 -0.6) (layer B.Fab) (width 0.1))
    (fp_line (start 1 0.6) (end 1 -0.6) (layer B.Fab) (width 0.1))
    (fp_line (start -1 0.6) (end 1 0.6) (layer B.Fab) (width 0.1))
    (fp_line (start -1 -0.6) (end -1 0.6) (layer B.Fab) (width 0.1))
    (pad 2 smd roundrect (at 1.025 0 270) (size 1.15 1.4) (layers Bottom B.Paste B.Mask) (roundrect_rratio 0.217391)
      (net 70 "/I2C Devices/EC"))
    (pad 1 smd roundrect (at -1.025 0 270) (size 1.15 1.4) (layers Bottom B.Paste B.Mask) (roundrect_rratio 0.217391)
      (net 79 "Net-(R204-Pad1)"))
    (model ${KISYS3DMOD}/Resistor_SMD.3dshapes/R_0805_2012Metric.wrl
      (at (xyz 0 0 0))
      (scale (xyz 1 1 1))
      (rotate (xyz 0 0 0))
    )
  )

  (module Resistor_SMD:R_0805_2012Metric_Pad1.15x1.40mm_HandSolder placed (layer Bottom) (tedit 5B36C52B) (tstamp 5E9047BB)
    (at 174.8 78.75 270)
    (descr "Resistor SMD 0805 (2012 Metric), square (rectangular) end terminal, IPC_7351 nominal with elongated pad for handsoldering. (Body size source: https://docs.google.com/spreadsheets/d/1BsfQQcO9C6DZCsRaXUlFlo91Tg2WpOkGARC1WS5S8t0/edit?usp=sharing), generated with kicad-footprint-generator")
    (tags "resistor handsolder")
    (path /5E916134/5E9735AA)
    (attr smd)
    (fp_text reference R203 (at 3.85 -0.05 90) (layer B.SilkS)
      (effects (font (size 1 1) (thickness 0.15)) (justify mirror))
    )
    (fp_text value 10K (at 0 -1.65 90) (layer B.Fab)
      (effects (font (size 1 1) (thickness 0.15)) (justify mirror))
    )
    (fp_text user %R (at 0 0 90) (layer B.Fab)
      (effects (font (size 1 1) (thickness 0.15)) (justify mirror))
    )
    (fp_line (start 1.85 -0.95) (end -1.85 -0.95) (layer B.CrtYd) (width 0.05))
    (fp_line (start 1.85 0.95) (end 1.85 -0.95) (layer B.CrtYd) (width 0.05))
    (fp_line (start -1.85 0.95) (end 1.85 0.95) (layer B.CrtYd) (width 0.05))
    (fp_line (start -1.85 -0.95) (end -1.85 0.95) (layer B.CrtYd) (width 0.05))
    (fp_line (start -0.261252 -0.71) (end 0.261252 -0.71) (layer B.SilkS) (width 0.12))
    (fp_line (start -0.261252 0.71) (end 0.261252 0.71) (layer B.SilkS) (width 0.12))
    (fp_line (start 1 -0.6) (end -1 -0.6) (layer B.Fab) (width 0.1))
    (fp_line (start 1 0.6) (end 1 -0.6) (layer B.Fab) (width 0.1))
    (fp_line (start -1 0.6) (end 1 0.6) (layer B.Fab) (width 0.1))
    (fp_line (start -1 -0.6) (end -1 0.6) (layer B.Fab) (width 0.1))
    (pad 2 smd roundrect (at 1.025 0 270) (size 1.15 1.4) (layers Bottom B.Paste B.Mask) (roundrect_rratio 0.217391)
      (net 69 "/I2C Devices/ED"))
    (pad 1 smd roundrect (at -1.025 0 270) (size 1.15 1.4) (layers Bottom B.Paste B.Mask) (roundrect_rratio 0.217391)
      (net 78 "Net-(R203-Pad1)"))
    (model ${KISYS3DMOD}/Resistor_SMD.3dshapes/R_0805_2012Metric.wrl
      (at (xyz 0 0 0))
      (scale (xyz 1 1 1))
      (rotate (xyz 0 0 0))
    )
  )

  (module Resistor_SMD:R_0805_2012Metric_Pad1.15x1.40mm_HandSolder (layer Bottom) (tedit 5B36C52B) (tstamp 5E9047AA)
    (at 167.15 72.25 270)
    (descr "Resistor SMD 0805 (2012 Metric), square (rectangular) end terminal, IPC_7351 nominal with elongated pad for handsoldering. (Body size source: https://docs.google.com/spreadsheets/d/1BsfQQcO9C6DZCsRaXUlFlo91Tg2WpOkGARC1WS5S8t0/edit?usp=sharing), generated with kicad-footprint-generator")
    (tags "resistor handsolder")
    (path /5E916134/5E9735FF)
    (attr smd)
    (fp_text reference R202 (at 0 1.65 90) (layer B.SilkS)
      (effects (font (size 1 1) (thickness 0.15)) (justify mirror))
    )
    (fp_text value 10K (at 0 -1.65 90) (layer B.Fab)
      (effects (font (size 1 1) (thickness 0.15)) (justify mirror))
    )
    (fp_text user %R (at 0 0 90) (layer B.Fab)
      (effects (font (size 1 1) (thickness 0.15)) (justify mirror))
    )
    (fp_line (start 1.85 -0.95) (end -1.85 -0.95) (layer B.CrtYd) (width 0.05))
    (fp_line (start 1.85 0.95) (end 1.85 -0.95) (layer B.CrtYd) (width 0.05))
    (fp_line (start -1.85 0.95) (end 1.85 0.95) (layer B.CrtYd) (width 0.05))
    (fp_line (start -1.85 -0.95) (end -1.85 0.95) (layer B.CrtYd) (width 0.05))
    (fp_line (start -0.261252 -0.71) (end 0.261252 -0.71) (layer B.SilkS) (width 0.12))
    (fp_line (start -0.261252 0.71) (end 0.261252 0.71) (layer B.SilkS) (width 0.12))
    (fp_line (start 1 -0.6) (end -1 -0.6) (layer B.Fab) (width 0.1))
    (fp_line (start 1 0.6) (end 1 -0.6) (layer B.Fab) (width 0.1))
    (fp_line (start -1 0.6) (end 1 0.6) (layer B.Fab) (width 0.1))
    (fp_line (start -1 -0.6) (end -1 0.6) (layer B.Fab) (width 0.1))
    (pad 2 smd roundrect (at 1.025 0 270) (size 1.15 1.4) (layers Bottom B.Paste B.Mask) (roundrect_rratio 0.217391)
      (net 3 +3V3))
    (pad 1 smd roundrect (at -1.025 0 270) (size 1.15 1.4) (layers Bottom B.Paste B.Mask) (roundrect_rratio 0.217391)
      (net 77 "Net-(R202-Pad1)"))
    (model ${KISYS3DMOD}/Resistor_SMD.3dshapes/R_0805_2012Metric.wrl
      (at (xyz 0 0 0))
      (scale (xyz 1 1 1))
      (rotate (xyz 0 0 0))
    )
  )

  (module Capacitor_SMD:C_0805_2012Metric_Pad1.15x1.40mm_HandSolder placed (layer Bottom) (tedit 5B36C52B) (tstamp 5E9041D5)
    (at 169.3 72.2 270)
    (descr "Capacitor SMD 0805 (2012 Metric), square (rectangular) end terminal, IPC_7351 nominal with elongated pad for handsoldering. (Body size source: https://docs.google.com/spreadsheets/d/1BsfQQcO9C6DZCsRaXUlFlo91Tg2WpOkGARC1WS5S8t0/edit?usp=sharing), generated with kicad-footprint-generator")
    (tags "capacitor handsolder")
    (path /5E916134/5E97359E)
    (attr smd)
    (fp_text reference C203 (at -2.15 6.95 180) (layer B.SilkS)
      (effects (font (size 1 1) (thickness 0.15)) (justify mirror))
    )
    (fp_text value 1uF (at 0 -1.65 90) (layer B.Fab)
      (effects (font (size 1 1) (thickness 0.15)) (justify mirror))
    )
    (fp_text user %R (at 0 0 90) (layer B.Fab)
      (effects (font (size 1 1) (thickness 0.15)) (justify mirror))
    )
    (fp_line (start 1.85 -0.95) (end -1.85 -0.95) (layer B.CrtYd) (width 0.05))
    (fp_line (start 1.85 0.95) (end 1.85 -0.95) (layer B.CrtYd) (width 0.05))
    (fp_line (start -1.85 0.95) (end 1.85 0.95) (layer B.CrtYd) (width 0.05))
    (fp_line (start -1.85 -0.95) (end -1.85 0.95) (layer B.CrtYd) (width 0.05))
    (fp_line (start -0.261252 -0.71) (end 0.261252 -0.71) (layer B.SilkS) (width 0.12))
    (fp_line (start -0.261252 0.71) (end 0.261252 0.71) (layer B.SilkS) (width 0.12))
    (fp_line (start 1 -0.6) (end -1 -0.6) (layer B.Fab) (width 0.1))
    (fp_line (start 1 0.6) (end 1 -0.6) (layer B.Fab) (width 0.1))
    (fp_line (start -1 0.6) (end 1 0.6) (layer B.Fab) (width 0.1))
    (fp_line (start -1 -0.6) (end -1 0.6) (layer B.Fab) (width 0.1))
    (pad 2 smd roundrect (at 1.025 0 270) (size 1.15 1.4) (layers Bottom B.Paste B.Mask) (roundrect_rratio 0.217391)
      (net 3 +3V3))
    (pad 1 smd roundrect (at -1.025 0 270) (size 1.15 1.4) (layers Bottom B.Paste B.Mask) (roundrect_rratio 0.217391)
      (net 1 GND))
    (model ${KISYS3DMOD}/Capacitor_SMD.3dshapes/C_0805_2012Metric.wrl
      (at (xyz 0 0 0))
      (scale (xyz 1 1 1))
      (rotate (xyz 0 0 0))
    )
  )

  (module Capacitor_SMD:C_0805_2012Metric_Pad1.15x1.40mm_HandSolder placed (layer Bottom) (tedit 5B36C52B) (tstamp 5E9041C4)
    (at 171.5 72.2 90)
    (descr "Capacitor SMD 0805 (2012 Metric), square (rectangular) end terminal, IPC_7351 nominal with elongated pad for handsoldering. (Body size source: https://docs.google.com/spreadsheets/d/1BsfQQcO9C6DZCsRaXUlFlo91Tg2WpOkGARC1WS5S8t0/edit?usp=sharing), generated with kicad-footprint-generator")
    (tags "capacitor handsolder")
    (path /5E916134/5E9735A4)
    (attr smd)
    (fp_text reference C202 (at 3.75 -6.05 180) (layer B.SilkS)
      (effects (font (size 1 1) (thickness 0.15)) (justify mirror))
    )
    (fp_text value 0.1uF (at 0 -1.65 90) (layer B.Fab)
      (effects (font (size 1 1) (thickness 0.15)) (justify mirror))
    )
    (fp_text user %R (at 0 0 90) (layer B.Fab)
      (effects (font (size 1 1) (thickness 0.15)) (justify mirror))
    )
    (fp_line (start 1.85 -0.95) (end -1.85 -0.95) (layer B.CrtYd) (width 0.05))
    (fp_line (start 1.85 0.95) (end 1.85 -0.95) (layer B.CrtYd) (width 0.05))
    (fp_line (start -1.85 0.95) (end 1.85 0.95) (layer B.CrtYd) (width 0.05))
    (fp_line (start -1.85 -0.95) (end -1.85 0.95) (layer B.CrtYd) (width 0.05))
    (fp_line (start -0.261252 -0.71) (end 0.261252 -0.71) (layer B.SilkS) (width 0.12))
    (fp_line (start -0.261252 0.71) (end 0.261252 0.71) (layer B.SilkS) (width 0.12))
    (fp_line (start 1 -0.6) (end -1 -0.6) (layer B.Fab) (width 0.1))
    (fp_line (start 1 0.6) (end 1 -0.6) (layer B.Fab) (width 0.1))
    (fp_line (start -1 0.6) (end 1 0.6) (layer B.Fab) (width 0.1))
    (fp_line (start -1 -0.6) (end -1 0.6) (layer B.Fab) (width 0.1))
    (pad 2 smd roundrect (at 1.025 0 90) (size 1.15 1.4) (layers Bottom B.Paste B.Mask) (roundrect_rratio 0.217391)
      (net 1 GND))
    (pad 1 smd roundrect (at -1.025 0 90) (size 1.15 1.4) (layers Bottom B.Paste B.Mask) (roundrect_rratio 0.217391)
      (net 3 +3V3))
    (model ${KISYS3DMOD}/Capacitor_SMD.3dshapes/C_0805_2012Metric.wrl
      (at (xyz 0 0 0))
      (scale (xyz 1 1 1))
      (rotate (xyz 0 0 0))
    )
  )

  (module Capacitor_SMD:C_0805_2012Metric_Pad1.15x1.40mm_HandSolder (layer Bottom) (tedit 5B36C52B) (tstamp 5E9041B3)
    (at 182.45 112.85 90)
    (descr "Capacitor SMD 0805 (2012 Metric), square (rectangular) end terminal, IPC_7351 nominal with elongated pad for handsoldering. (Body size source: https://docs.google.com/spreadsheets/d/1BsfQQcO9C6DZCsRaXUlFlo91Tg2WpOkGARC1WS5S8t0/edit?usp=sharing), generated with kicad-footprint-generator")
    (tags "capacitor handsolder")
    (path /5E9D5ED5/5EA768A1)
    (attr smd)
    (fp_text reference C302 (at 0 1.65 270 unlocked) (layer B.SilkS)
      (effects (font (size 1 1) (thickness 0.15)) (justify mirror))
    )
    (fp_text value "10 nF" (at 0 -1.65 270) (layer B.Fab)
      (effects (font (size 1 1) (thickness 0.15)) (justify mirror))
    )
    (fp_text user %R (at 0 0 270) (layer B.Fab)
      (effects (font (size 1 1) (thickness 0.15)) (justify mirror))
    )
    (fp_line (start 1.85 -0.95) (end -1.85 -0.95) (layer B.CrtYd) (width 0.05))
    (fp_line (start 1.85 0.95) (end 1.85 -0.95) (layer B.CrtYd) (width 0.05))
    (fp_line (start -1.85 0.95) (end 1.85 0.95) (layer B.CrtYd) (width 0.05))
    (fp_line (start -1.85 -0.95) (end -1.85 0.95) (layer B.CrtYd) (width 0.05))
    (fp_line (start -0.261252 -0.71) (end 0.261252 -0.71) (layer B.SilkS) (width 0.12))
    (fp_line (start -0.261252 0.71) (end 0.261252 0.71) (layer B.SilkS) (width 0.12))
    (fp_line (start 1 -0.6) (end -1 -0.6) (layer B.Fab) (width 0.1))
    (fp_line (start 1 0.6) (end 1 -0.6) (layer B.Fab) (width 0.1))
    (fp_line (start -1 0.6) (end 1 0.6) (layer B.Fab) (width 0.1))
    (fp_line (start -1 -0.6) (end -1 0.6) (layer B.Fab) (width 0.1))
    (pad 2 smd roundrect (at 1.025 0 90) (size 1.15 1.4) (layers Bottom B.Paste B.Mask) (roundrect_rratio 0.217391)
      (net 1 GND))
    (pad 1 smd roundrect (at -1.025 0 90) (size 1.15 1.4) (layers Bottom B.Paste B.Mask) (roundrect_rratio 0.217391)
      (net 38 "Net-(C302-Pad1)"))
    (model ${KISYS3DMOD}/Capacitor_SMD.3dshapes/C_0805_2012Metric.wrl
      (at (xyz 0 0 0))
      (scale (xyz 1 1 1))
      (rotate (xyz 0 0 0))
    )
  )

  (module CPU:XDCR_CMT-0904-85T (layer Top) (tedit 0) (tstamp 5E8FA073)
    (at 37.2 117.91 270)
    (path /5E9D5ED5/5E9EF35B)
    (fp_text reference B301 (at -2.06 4.65 270) (layer F.SilkS)
      (effects (font (size 1 1) (thickness 0.15)) (justify right bottom))
    )
    (fp_text value BUZZERTHT (at -3.6 6.1 90) (layer F.Fab)
      (effects (font (size 1 1) (thickness 0.15)) (justify right bottom))
    )
    (fp_line (start -6 -2.5) (end -3.75 -2.5) (layer F.SilkS) (width 0.127))
    (fp_line (start -6 2.5) (end -6 -2.5) (layer F.SilkS) (width 0.127))
    (fp_line (start -3.75 2.5) (end -6 2.5) (layer F.SilkS) (width 0.127))
    (fp_line (start -6.25 -2.75) (end -3.87 -2.75) (layer Dwgs.User) (width 0.05))
    (fp_line (start -6.25 2.75) (end -6.25 -2.75) (layer Dwgs.User) (width 0.05))
    (fp_line (start -3.88 2.75) (end -6.25 2.75) (layer Dwgs.User) (width 0.05))
    (fp_arc (start 0.005373 0.007055) (end -3.88 2.75) (angle -289.35) (layer Dwgs.User) (width 0.05))
    (fp_line (start -6 -2.5) (end -3.75 -2.5) (layer F.Fab) (width 0.127))
    (fp_line (start -6 2.5) (end -6 -2.5) (layer F.Fab) (width 0.127))
    (fp_line (start -3.75 2.5) (end -6 2.5) (layer F.Fab) (width 0.127))
    (fp_text user - (at 5.69 -0.75 180) (layer F.SilkS)
      (effects (font (size 1.2065 1.2065) (thickness 0.1016)) (justify right bottom))
    )
    (fp_text user + (at -7.51 -0.45 90) (layer F.SilkS)
      (effects (font (size 1.2065 1.2065) (thickness 0.1016)) (justify right bottom))
    )
    (fp_circle (center 0 0) (end 4.5 0) (layer F.SilkS) (width 0.127))
    (fp_circle (center 0 0) (end 4.5 0) (layer F.Fab) (width 0.127))
    (pad N thru_hole circle (at 2 0 270) (size 2 2) (drill 0.8) (layers *.Cu *.Mask)
      (net 37 "Net-(B301-PadN)") (solder_mask_margin 0.1016))
    (pad P thru_hole circle (at -2 0 270) (size 2 2) (drill 0.8) (layers *.Cu *.Mask)
      (net 3 +3V3) (solder_mask_margin 0.1016))
  )

  (module CPU:C1210 (layer Bottom) (tedit 0) (tstamp 5E8CE344)
    (at 181.45 98.26 90)
    (descr "<b>CAPACITOR</b><p>\nchip")
    (path /5E9D5ED5/5EA48C49)
    (attr smd)
    (fp_text reference C301 (at -1.94 -1.7 90) (layer B.SilkS)
      (effects (font (size 1 1) (thickness 0.15)) (justify right bottom mirror))
    )
    (fp_text value 1uF (at -1.397 -2.921 90) (layer B.Fab)
      (effects (font (size 1 1) (thickness 0.15)) (justify right bottom mirror))
    )
    (fp_poly (pts (xy -0.1999 -0.4001) (xy 0.1999 -0.4001) (xy 0.1999 0.4001) (xy -0.1999 0.4001)) (layer B.Adhes) (width 0))
    (fp_poly (pts (xy 0.9517 -1.3045) (xy 1.7018 -1.3045) (xy 1.7018 1.2954) (xy 0.9517 1.2954)) (layer B.Fab) (width 0))
    (fp_poly (pts (xy -1.7018 -1.2954) (xy -0.9517 -1.2954) (xy -0.9517 1.3045) (xy -1.7018 1.3045)) (layer B.Fab) (width 0))
    (fp_line (start 2.473 1.483) (end 2.473 -1.483) (layer Dwgs.User) (width 0.0508))
    (fp_line (start -0.9652 -1.2446) (end 0.9652 -1.2446) (layer B.Fab) (width 0.1016))
    (fp_line (start -0.9652 1.2446) (end 0.9652 1.2446) (layer B.Fab) (width 0.1016))
    (fp_line (start -2.473 -1.483) (end -2.473 1.483) (layer Dwgs.User) (width 0.0508))
    (fp_line (start 2.473 -1.483) (end -2.473 -1.483) (layer Dwgs.User) (width 0.0508))
    (fp_line (start -2.473 1.483) (end 2.473 1.483) (layer Dwgs.User) (width 0.0508))
    (pad 2 smd rect (at 1.4 0 90) (size 1.6 2.7) (layers Bottom B.Paste B.Mask)
      (net 1 GND) (solder_mask_margin 0.1016))
    (pad 1 smd rect (at -1.4 0 90) (size 1.6 2.7) (layers Bottom B.Paste B.Mask)
      (net 2 5V) (solder_mask_margin 0.1016))
  )

  (module CPU:C1210 (layer Bottom) (tedit 0) (tstamp 5E8CE1EE)
    (at 184.95 98.26 90)
    (descr "<b>CAPACITOR</b><p>\nchip")
    (path /5E9D5ED5/5EA48C4F)
    (attr smd)
